          256.3702     78.5113     -0.4607     -0.1779     -0.0153     -0.0126
           78.5113    256.4373     -0.7538      0.1198      0.0324      0.0423
           -0.4607     -0.7538      0.0633      0.2538     -0.0354     -0.0614
           -0.1779      0.1198      0.2538     88.7744     -0.0274     -0.0555
           -0.0153      0.0324     -0.0354     -0.0274     -0.6130      0.1268
           -0.0126      0.0423     -0.0614     -0.0555      0.1268     -0.4666

